NO_SHAP_NO_ADASYN	1	0.6046	0.2935	0.6890	0.4116	0.6874	0.9855 s
NO_SHAP_NO_ADASYN	2	0.6203	0.3030	0.6859	0.4203	0.6991	1.0183 s
NO_SHAP_NO_ADASYN	3	0.6400	0.3129	0.6635	0.4252	0.7056	1.0811 s
NO_SHAP_NO_ADASYN	4	0.6403	0.3149	0.6735	0.4291	0.7116	1.3314 s
NO_SHAP_NO_ADASYN	5	0.6453	0.3183	0.6722	0.4321	0.7148	1.3612 s
NO_SHAP_NO_ADASYN	6	0.6459	0.3191	0.6743	0.4332	0.7166	1.4560 s
NO_SHAP_NO_ADASYN	7	0.6474	0.3206	0.6759	0.4349	0.7183	1.5835 s
NO_SHAP_NO_ADASYN	8	0.6484	0.3213	0.6760	0.4356	0.7196	1.6906 s
NO_SHAP_NO_ADASYN	9	0.6502	0.3228	0.6765	0.4371	0.7206	1.6216 s
NO_SHAP_NO_ADASYN	10	0.6499	0.3230	0.6787	0.4377	0.7216	1.8764 s
NO_SHAP_NO_ADASYN	11	0.6502	0.3234	0.6801	0.4383	0.7227	1.8209 s
NO_SHAP_NO_ADASYN	12	0.6533	0.3257	0.6798	0.4404	0.7252	2.1646 s
NO_SHAP_NO_ADASYN	13	0.6536	0.3263	0.6817	0.4414	0.7255	1.9636 s
NO_SHAP_NO_ADASYN	14	0.6543	0.3269	0.6817	0.4418	0.7265	2.1044 s
NO_SHAP_NO_ADASYN	15	0.6553	0.3276	0.6820	0.4426	0.7271	2.1373 s
NO_SHAP_NO_ADASYN	16	0.6552	0.3277	0.6825	0.4428	0.7274	2.1506 s
NO_SHAP_NO_ADASYN	17	0.6556	0.3279	0.6820	0.4429	0.7277	2.2420 s
NO_SHAP_NO_ADASYN	18	0.6549	0.3274	0.6825	0.4425	0.7278	2.3693 s
NO_SHAP_NO_ADASYN	19	0.6550	0.3276	0.6829	0.4427	0.7280	2.6537 s
NO_SHAP_NO_ADASYN	20	0.6542	0.3272	0.6839	0.4426	0.7282	3.0764 s
NO_SHAP_NO_ADASYN	21	0.6541	0.3272	0.6847	0.4428	0.7282	3.0544 s
NO_SHAP_NO_ADASYN	22	0.6542	0.3272	0.6845	0.4428	0.7285	3.2812 s
NO_SHAP_NO_ADASYN	23	0.6540	0.3273	0.6857	0.4431	0.7286	3.2690 s
NO_SHAP_NO_ADASYN	24	0.6542	0.3276	0.6863	0.4435	0.7288	3.4676 s
NO_SHAP_NO_ADASYN	25	0.6539	0.3273	0.6861	0.4432	0.7290	3.4251 s
NO_SHAP_NO_ADASYN	26	0.6543	0.3275	0.6856	0.4433	0.7290	3.5212 s
NO_SHAP_NO_ADASYN	27	0.6546	0.3277	0.6858	0.4435	0.7291	3.6061 s
NO_SHAP_NO_ADASYN	28	0.6541	0.3273	0.6855	0.4431	0.7289	3.7567 s
NO_SHAP_NO_ADASYN	29	0.6545	0.3277	0.6855	0.4434	0.7289	3.7502 s
NO_SHAP_NO_ADASYN	30	0.6541	0.3274	0.6860	0.4433	0.7290	3.8778 s
NO_SHAP_NO_ADASYN	31	0.6541	0.3275	0.6865	0.4434	0.7290	4.0626 s
NO_SHAP_NO_ADASYN	32	0.6542	0.3275	0.6861	0.4433	0.7290	4.0905 s
NO_SHAP_NO_ADASYN	33	0.6545	0.3278	0.6867	0.4438	0.7292	4.1795 s
NO_SHAP_NO_ADASYN	34	0.6546	0.3278	0.6860	0.4436	0.7291	4.2328 s
NO_SHAP_NO_ADASYN	35	0.6548	0.3280	0.6863	0.4438	0.7291	4.4102 s
NO_SHAP_NO_ADASYN	36	0.6544	0.3277	0.6864	0.4436	0.7291	4.4513 s
NO_SHAP_NO_ADASYN	37	0.6543	0.3277	0.6866	0.4436	0.7292	4.6126 s
NO_SHAP_NO_ADASYN	38	0.6544	0.3277	0.6863	0.4435	0.7291	4.7474 s
NO_SHAP_NO_ADASYN	39	0.6540	0.3274	0.6865	0.4434	0.7290	4.8598 s
NO_SHAP_NO_ADASYN	40	0.6540	0.3273	0.6859	0.4432	0.7291	5.0518 s
NO_SHAP_NO_ADASYN	41	0.6540	0.3273	0.6859	0.4432	0.7291	5.4853 s
NO_SHAP_NO_ADASYN	42	0.6542	0.3274	0.6856	0.4432	0.7290	5.6030 s
NO_SHAP_NO_ADASYN	43	0.6543	0.3275	0.6857	0.4433	0.7290	4.8807 s
NO_SHAP_NO_ADASYN	44	0.6543	0.3275	0.6857	0.4433	0.7290	5.1872 s
NO_SHAP_ADASYN	1	0.2560	0.2104	0.9882	0.3469	0.6724	59.7979 s
NO_SHAP_ADASYN	2	0.2676	0.2128	0.9866	0.3501	0.7026	7.5187 s
NO_SHAP_ADASYN	3	0.2708	0.2135	0.9859	0.3509	0.7091	10.8159 s
NO_SHAP_ADASYN	4	0.3233	0.2238	0.9661	0.3634	0.7020	8.0430 s
NO_SHAP_ADASYN	5	0.3328	0.2260	0.9635	0.3661	0.7074	11.3588 s
NO_SHAP_ADASYN	6	0.5184	0.2721	0.8405	0.4111	0.7164	12.4433 s
NO_SHAP_ADASYN	7	0.5600	0.2854	0.7985	0.4205	0.7174	11.9189 s
NO_SHAP_ADASYN	8	0.5783	0.2918	0.7769	0.4242	0.7189	13.1320 s
NO_SHAP_ADASYN	9	0.5781	0.2915	0.7761	0.4238	0.7180	16.4166 s
NO_SHAP_ADASYN	10	0.5932	0.2972	0.7579	0.4269	0.7195	14.6917 s
NO_SHAP_ADASYN	11	0.6001	0.2999	0.7492	0.4283	0.7193	16.9217 s
NO_SHAP_ADASYN	12	0.5976	0.2990	0.7533	0.4281	0.7205	12.8509 s
NO_SHAP_ADASYN	13	0.5982	0.2991	0.7514	0.4279	0.7205	14.9447 s
NO_SHAP_ADASYN	14	0.6007	0.3004	0.7503	0.4290	0.7213	21.7855 s
NO_SHAP_ADASYN	15	0.6007	0.3004	0.7503	0.4290	0.7213	29.8227 s
NO_SHAP_ADASYN	16	0.5982	0.2995	0.7537	0.4287	0.7211	196.7555 s
NO_SHAP_ADASYN	17	0.6006	0.3003	0.7498	0.4288	0.7214	172.7227 s
NO_SHAP_ADASYN	18	0.5960	0.2986	0.7568	0.4283	0.7216	169.4335 s
NO_SHAP_ADASYN	19	0.5991	0.2997	0.7519	0.4286	0.7213	161.9695 s
NO_SHAP_ADASYN	20	0.6010	0.3010	0.7527	0.4300	0.7225	156.5751 s
NO_SHAP_ADASYN	21	0.6013	0.3012	0.7528	0.4302	0.7223	153.6368 s
NO_SHAP_ADASYN	22	0.6033	0.3018	0.7490	0.4302	0.7224	153.2384 s
NO_SHAP_ADASYN	23	0.6031	0.3019	0.7504	0.4305	0.7227	161.5327 s
NO_SHAP_ADASYN	24	0.6036	0.3021	0.7497	0.4306	0.7223	119.4181 s
NO_SHAP_ADASYN	25	0.6036	0.3021	0.7497	0.4306	0.7223	128.0305 s
NO_SHAP_ADASYN	26	0.6031	0.3018	0.7496	0.4303	0.7224	134.1383 s
NO_SHAP_ADASYN	27	0.6017	0.3013	0.7522	0.4302	0.7228	134.8654 s
NO_SHAP_ADASYN	28	0.6008	0.3009	0.7531	0.4300	0.7228	136.4281 s
NO_SHAP_ADASYN	29	0.6013	0.3009	0.7510	0.4297	0.7227	138.3991 s
NO_SHAP_ADASYN	30	0.6021	0.3013	0.7505	0.4300	0.7225	139.0616 s
NO_SHAP_ADASYN	31	0.6039	0.3021	0.7488	0.4305	0.7225	141.7670 s
NO_SHAP_ADASYN	32	0.6045	0.3024	0.7481	0.4307	0.7225	144.1003 s
NO_SHAP_ADASYN	33	0.6038	0.3021	0.7491	0.4306	0.7224	147.5336 s
NO_SHAP_ADASYN	34	0.6044	0.3024	0.7489	0.4308	0.7223	147.6305 s
NO_SHAP_ADASYN	35	0.6041	0.3023	0.7493	0.4308	0.7225	149.4178 s
NO_SHAP_ADASYN	36	0.6029	0.3016	0.7497	0.4302	0.7227	151.0347 s
NO_SHAP_ADASYN	37	0.6029	0.3015	0.7490	0.4300	0.7222	149.8959 s
NO_SHAP_ADASYN	38	0.6050	0.3022	0.7453	0.4301	0.7223	156.4502 s
NO_SHAP_ADASYN	39	0.6050	0.3022	0.7453	0.4301	0.7223	155.1694 s
NO_SHAP_ADASYN	40	0.6056	0.3025	0.7447	0.4302	0.7222	157.9086 s
NO_SHAP_ADASYN	41	0.6056	0.3025	0.7447	0.4302	0.7222	160.0118 s
NO_SHAP_ADASYN	42	0.6056	0.3025	0.7447	0.4302	0.7222	160.7728 s
NO_SHAP_ADASYN	43	0.6053	0.3025	0.7456	0.4303	0.7225	162.2993 s
NO_SHAP_ADASYN	44	0.6067	0.3029	0.7433	0.4304	0.7223	164.2732 s
SHAP_NO_ADASYN	1	0.6046	0.2935	0.6890	0.4116	0.6874	1.9157 s
SHAP_NO_ADASYN	2	0.6164	0.2989	0.6769	0.4146	0.6923	1.9013 s
SHAP_NO_ADASYN	3	0.6400	0.3129	0.6635	0.4252	0.7056	1.9566 s
SHAP_NO_ADASYN	4	0.6376	0.3131	0.6744	0.4276	0.7089	2.2122 s
SHAP_NO_ADASYN	5	0.6410	0.3151	0.6721	0.4291	0.7110	2.3297 s
SHAP_NO_ADASYN	6	0.6453	0.3185	0.6732	0.4324	0.7158	2.4732 s
SHAP_NO_ADASYN	7	0.6475	0.3203	0.6742	0.4343	0.7177	2.6166 s
SHAP_NO_ADASYN	8	0.6477	0.3210	0.6769	0.4354	0.7192	2.7605 s
SHAP_NO_ADASYN	9	0.6483	0.3213	0.6760	0.4356	0.7204	2.8270 s
SHAP_NO_ADASYN	10	0.6493	0.3220	0.6755	0.4361	0.7212	3.0055 s
SHAP_NO_ADASYN	11	0.6502	0.3234	0.6801	0.4383	0.7227	3.0974 s
SHAP_NO_ADASYN	12	0.6533	0.3257	0.6798	0.4404	0.7252	3.2479 s
SHAP_NO_ADASYN	13	0.6533	0.3260	0.6812	0.4410	0.7255	3.3398 s
SHAP_NO_ADASYN	14	0.6530	0.3258	0.6815	0.4408	0.7260	3.5503 s
SHAP_NO_ADASYN	15	0.6532	0.3260	0.6816	0.4410	0.7263	3.6786 s
SHAP_NO_ADASYN	16	0.6537	0.3266	0.6830	0.4419	0.7272	3.8027 s
SHAP_NO_ADASYN	17	0.6542	0.3269	0.6828	0.4422	0.7274	3.9593 s
SHAP_NO_ADASYN	18	0.6540	0.3268	0.6829	0.4420	0.7274	4.3896 s
SHAP_NO_ADASYN	19	0.6544	0.3272	0.6834	0.4426	0.7276	4.1399 s
SHAP_NO_ADASYN	20	0.6539	0.3269	0.6837	0.4423	0.7278	4.3759 s
SHAP_NO_ADASYN	21	0.6542	0.3274	0.6852	0.4431	0.7281	4.6709 s
SHAP_NO_ADASYN	22	0.6543	0.3274	0.6850	0.4430	0.7283	4.7678 s
SHAP_NO_ADASYN	23	0.6539	0.3271	0.6851	0.4427	0.7283	4.7676 s
SHAP_NO_ADASYN	24	0.6542	0.3277	0.6871	0.4437	0.7287	4.8483 s
SHAP_NO_ADASYN	25	0.6541	0.3273	0.6856	0.4431	0.7288	4.9544 s
SHAP_NO_ADASYN	26	0.6544	0.3277	0.6861	0.4435	0.7288	5.0939 s
SHAP_NO_ADASYN	27	0.6543	0.3276	0.6866	0.4436	0.7288	5.2869 s
SHAP_NO_ADASYN	28	0.6542	0.3274	0.6858	0.4432	0.7288	5.3971 s
SHAP_NO_ADASYN	29	0.6544	0.3277	0.6863	0.4436	0.7291	5.4490 s
SHAP_NO_ADASYN	30	0.6541	0.3274	0.6860	0.4433	0.7290	5.7164 s
SHAP_NO_ADASYN	31	0.6541	0.3275	0.6865	0.4434	0.7290	5.8677 s
SHAP_NO_ADASYN	32	0.6541	0.3274	0.6858	0.4432	0.7290	5.8657 s
SHAP_NO_ADASYN	33	0.6545	0.3277	0.6855	0.4434	0.7291	5.9395 s
SHAP_NO_ADASYN	34	0.6546	0.3278	0.6860	0.4436	0.7291	6.6731 s
SHAP_NO_ADASYN	35	0.6548	0.3280	0.6863	0.4438	0.7291	6.9528 s
SHAP_NO_ADASYN	36	0.6544	0.3277	0.6864	0.4436	0.7291	7.0291 s
SHAP_NO_ADASYN	37	0.6543	0.3277	0.6866	0.4436	0.7292	6.8718 s
SHAP_NO_ADASYN	38	0.6541	0.3274	0.6857	0.4432	0.7292	6.9487 s
SHAP_NO_ADASYN	39	0.6542	0.3276	0.6865	0.4435	0.7290	6.7805 s
SHAP_NO_ADASYN	40	0.6545	0.3279	0.6868	0.4438	0.7291	6.9005 s
SHAP_NO_ADASYN	41	0.6545	0.3278	0.6868	0.4438	0.7291	6.8450 s
SHAP_NO_ADASYN	42	0.6541	0.3275	0.6866	0.4435	0.7291	7.2236 s
SHAP_NO_ADASYN	43	0.6543	0.3275	0.6862	0.4434	0.7291	7.3321 s
SHAP_NO_ADASYN	44	0.6543	0.3275	0.6857	0.4433	0.7290	7.4139 s
SHAP_ADASYN	1	0.2560	0.2104	0.9882	0.3469	0.6724	38.5897 s
SHAP_ADASYN	2	0.2558	0.2103	0.9883	0.3469	0.6899	35.1294 s
SHAP_ADASYN	3	0.2709	0.2135	0.9858	0.3510	0.7090	6.9351 s
SHAP_ADASYN	4	0.2661	0.2126	0.9877	0.3499	0.7128	6.7659 s
SHAP_ADASYN	5	0.3306	0.2256	0.9651	0.3657	0.7113	9.8576 s
SHAP_ADASYN	6	0.3313	0.2254	0.9624	0.3653	0.7061	12.5024 s
SHAP_ADASYN	7	0.5223	0.2733	0.8376	0.4122	0.7153	9.0581 s
SHAP_ADASYN	8	0.5574	0.2846	0.8016	0.4200	0.7168	7.3039 s
SHAP_ADASYN	9	0.5797	0.2920	0.7735	0.4240	0.7172	7.9840 s
SHAP_ADASYN	10	0.5992	0.2991	0.7476	0.4272	0.7180	8.6683 s
SHAP_ADASYN	11	0.6001	0.2999	0.7492	0.4283	0.7193	9.4236 s
SHAP_ADASYN	12	0.5976	0.2990	0.7533	0.4281	0.7205	10.5793 s
SHAP_ADASYN	13	0.6027	0.3018	0.7514	0.4306	0.7214	10.8766 s
SHAP_ADASYN	14	0.6021	0.3012	0.7501	0.4299	0.7212	11.8055 s
SHAP_ADASYN	15	0.6018	0.3012	0.7509	0.4299	0.7215	14.6630 s
SHAP_ADASYN	16	0.6002	0.3007	0.7541	0.4300	0.7221	116.3060 s
SHAP_ADASYN	17	0.6018	0.3013	0.7518	0.4302	0.7224	117.5926 s
SHAP_ADASYN	18	0.6042	0.3021	0.7478	0.4303	0.7222	119.0323 s
SHAP_ADASYN	19	0.6021	0.3014	0.7513	0.4302	0.7223	121.0320 s
SHAP_ADASYN	20	0.6047	0.3025	0.7480	0.4308	0.7226	122.9924 s
SHAP_ADASYN	21	0.6033	0.3018	0.7490	0.4302	0.7224	124.6410 s
SHAP_ADASYN	22	0.6023	0.3016	0.7517	0.4305	0.7226	125.6101 s
SHAP_ADASYN	23	0.6020	0.3013	0.7513	0.4301	0.7226	125.0502 s
SHAP_ADASYN	24	0.6020	0.3013	0.7513	0.4301	0.7226	128.9161 s
SHAP_ADASYN	25	0.6023	0.3014	0.7503	0.4300	0.7225	129.9620 s
SHAP_ADASYN	26	0.6016	0.3011	0.7514	0.4299	0.7225	130.9846 s
SHAP_ADASYN	27	0.6034	0.3020	0.7499	0.4305	0.7224	135.5871 s
SHAP_ADASYN	28	0.6019	0.3010	0.7492	0.4295	0.7223	136.2164 s
SHAP_ADASYN	29	0.6019	0.3010	0.7492	0.4295	0.7223	137.6151 s
SHAP_ADASYN	30	0.6021	0.3013	0.7505	0.4300	0.7225	136.5485 s
SHAP_ADASYN	31	0.6039	0.3021	0.7488	0.4305	0.7225	139.8220 s
SHAP_ADASYN	32	0.6025	0.3015	0.7504	0.4302	0.7225	141.0358 s
SHAP_ADASYN	33	0.6053	0.3028	0.7474	0.4309	0.7229	143.4758 s
SHAP_ADASYN	34	0.6044	0.3024	0.7489	0.4308	0.7223	143.4132 s
SHAP_ADASYN	35	0.6041	0.3023	0.7493	0.4308	0.7225	146.0278 s
SHAP_ADASYN	36	0.6029	0.3016	0.7497	0.4302	0.7227	149.9899 s
SHAP_ADASYN	37	0.6029	0.3015	0.7490	0.4300	0.7222	149.3972 s
SHAP_ADASYN	38	0.6043	0.3023	0.7486	0.4307	0.7223	151.3645 s
SHAP_ADASYN	39	0.6056	0.3025	0.7447	0.4302	0.7222	150.8150 s
SHAP_ADASYN	40	0.6056	0.3025	0.7447	0.4302	0.7222	153.8796 s
SHAP_ADASYN	41	0.6053	0.3025	0.7456	0.4303	0.7225	156.3109 s
SHAP_ADASYN	42	0.6053	0.3025	0.7456	0.4303	0.7225	158.9026 s
SHAP_ADASYN	43	0.6067	0.3029	0.7433	0.4304	0.7223	159.4825 s
SHAP_ADASYN	44	0.6067	0.3029	0.7433	0.4304	0.7223	157.6955 s